OPENMINDEDNESS_Z: 2.709164
CONSCIENTIOUSNESS_Z: 5.289845
EXTRAVERSION_Z: 1.689350
AGREEABLENESS_Z: 2.102486
NEGATIVEEMOTIONALITY_Z: 1.330672
MEAN: 2.624304
